# Phonon band structure data file
# Generated by Abinit
# natom: 57, nqpt: 62
# Frequencies are in meV
# List of q-points and their index (C notation i.e. count from 0)
# 0 [ 0.0000E+00,  0.0000E+00,  0.0000E+00]
# 1 [ 0.0000E+00,  0.0000E+00,  8.3333E-03]
# 2 [ 0.0000E+00,  0.0000E+00,  1.6667E-02]
# 3 [ 0.0000E+00,  0.0000E+00,  2.5000E-02]
# 4 [ 0.0000E+00,  0.0000E+00,  3.3333E-02]
# 5 [ 0.0000E+00,  0.0000E+00,  4.1667E-02]
# 6 [ 0.0000E+00,  0.0000E+00,  5.0000E-02]
# 7 [ 0.0000E+00,  0.0000E+00,  5.8333E-02]
# 8 [ 0.0000E+00,  0.0000E+00,  6.6667E-02]
# 9 [ 0.0000E+00,  0.0000E+00,  7.5000E-02]
# 10 [ 0.0000E+00,  0.0000E+00,  8.3333E-02]
# 11 [ 0.0000E+00,  0.0000E+00,  9.1667E-02]
# 12 [ 0.0000E+00,  0.0000E+00,  1.0000E-01]
# 13 [ 0.0000E+00,  0.0000E+00,  1.0833E-01]
# 14 [ 0.0000E+00,  0.0000E+00,  1.1667E-01]
# 15 [ 0.0000E+00,  0.0000E+00,  1.2500E-01]
# 16 [ 0.0000E+00,  0.0000E+00,  1.3333E-01]
# 17 [ 0.0000E+00,  0.0000E+00,  1.4167E-01]
# 18 [ 0.0000E+00,  0.0000E+00,  1.5000E-01]
# 19 [ 0.0000E+00,  0.0000E+00,  1.5833E-01]
# 20 [ 0.0000E+00,  0.0000E+00,  1.6667E-01]
# 21 [ 0.0000E+00,  0.0000E+00,  1.7500E-01]
# 22 [ 0.0000E+00,  0.0000E+00,  1.8333E-01]
# 23 [ 0.0000E+00,  0.0000E+00,  1.9167E-01]
# 24 [ 0.0000E+00,  0.0000E+00,  2.0000E-01]
# 25 [ 0.0000E+00,  0.0000E+00,  2.0833E-01]
# 26 [ 0.0000E+00,  0.0000E+00,  2.1667E-01]
# 27 [ 0.0000E+00,  0.0000E+00,  2.2500E-01]
# 28 [ 0.0000E+00,  0.0000E+00,  2.3333E-01]
# 29 [ 0.0000E+00,  0.0000E+00,  2.4167E-01]
# 30 [ 0.0000E+00,  0.0000E+00,  2.5000E-01]
# 31 [ 0.0000E+00,  0.0000E+00,  2.5833E-01]
# 32 [ 0.0000E+00,  0.0000E+00,  2.6667E-01]
# 33 [ 0.0000E+00,  0.0000E+00,  2.7500E-01]
# 34 [ 0.0000E+00,  0.0000E+00,  2.8333E-01]
# 35 [ 0.0000E+00,  0.0000E+00,  2.9167E-01]
# 36 [ 0.0000E+00,  0.0000E+00,  3.0000E-01]
# 37 [ 0.0000E+00,  0.0000E+00,  3.0833E-01]
# 38 [ 0.0000E+00,  0.0000E+00,  3.1667E-01]
# 39 [ 0.0000E+00,  0.0000E+00,  3.2500E-01]
# 40 [ 0.0000E+00,  0.0000E+00,  3.3333E-01]
# 41 [ 0.0000E+00,  0.0000E+00,  3.4167E-01]
# 42 [ 0.0000E+00,  0.0000E+00,  3.5000E-01]
# 43 [ 0.0000E+00,  0.0000E+00,  3.5833E-01]
# 44 [ 0.0000E+00,  0.0000E+00,  3.6667E-01]
# 45 [ 0.0000E+00,  0.0000E+00,  3.7500E-01]
# 46 [ 0.0000E+00,  0.0000E+00,  3.8333E-01]
# 47 [ 0.0000E+00,  0.0000E+00,  3.9167E-01]
# 48 [ 0.0000E+00,  0.0000E+00,  4.0000E-01]
# 49 [ 0.0000E+00,  0.0000E+00,  4.0833E-01]
# 50 [ 0.0000E+00,  0.0000E+00,  4.1667E-01]
# 51 [ 0.0000E+00,  0.0000E+00,  4.2500E-01]
# 52 [ 0.0000E+00,  0.0000E+00,  4.3333E-01]
# 53 [ 0.0000E+00,  0.0000E+00,  4.4167E-01]
# 54 [ 0.0000E+00,  0.0000E+00,  4.5000E-01]
# 55 [ 0.0000E+00,  0.0000E+00,  4.5833E-01]
# 56 [ 0.0000E+00,  0.0000E+00,  4.6667E-01]
# 57 [ 0.0000E+00,  0.0000E+00,  4.7500E-01]
# 58 [ 0.0000E+00,  0.0000E+00,  4.8333E-01]
# 59 [ 0.0000E+00,  0.0000E+00,  4.9167E-01]
# 60 [ 0.0000E+00,  0.0000E+00,  5.0000E-01]
# 61 [ 0.0000E+00,  0.0000E+00,  5.0000E-01]
# [kpt-index, mode_1, mode_2 ...]