  -1.303628E-04  0.000000E+00  0.000000E+00  1.314482E-08  3.015183E-05
   3.015183E-05  1.204980E-04  1.204980E-04  1.376527E-04  1.376527E-04
   1.461966E-04  1.635001E-04  1.635001E-04  1.834400E-04  1.846360E-04
   1.846360E-04  1.877175E-04  2.010891E-04  2.049464E-04  2.049464E-04
   2.359736E-04  2.359736E-04  2.435071E-04  2.435071E-04  2.483184E-04
   2.514704E-04  2.514704E-04  2.781548E-04  2.781548E-04  3.038308E-04
   3.048097E-04  3.198696E-04  3.198696E-04  3.205971E-04  3.243297E-04
   3.243297E-04  3.252135E-04  3.711258E-04  3.714635E-04  3.714635E-04
   3.714758E-04  3.887670E-04  3.887670E-04  3.947437E-04  4.090493E-04
   4.265706E-04  4.265706E-04  4.440456E-04  4.440456E-04  4.546122E-04
   4.658113E-04  4.658113E-04  4.672751E-04  5.060927E-04  5.091484E-04
   5.091484E-04  5.101845E-04  5.185693E-04  5.185693E-04  5.214095E-04
   5.541918E-04  5.782141E-04  5.926797E-04  5.926797E-04  6.281107E-04
   6.281107E-04  6.605991E-04  6.605991E-04  7.190060E-04  7.222218E-04
   7.222218E-04  7.275242E-04  7.316595E-04  7.366905E-04  7.366905E-04
   7.585430E-04  7.585430E-04  8.003261E-04  8.356407E-04  8.356407E-04
   8.428805E-04  8.527986E-04  8.527986E-04  8.687235E-04  9.083732E-04
   9.083732E-04  9.537890E-04  9.701770E-04  9.821131E-04  9.821131E-04
   1.090454E-03  1.090454E-03  1.158854E-03  1.158854E-03  1.183489E-03
   1.193261E-03  1.193261E-03  1.216982E-03  1.283983E-03  1.283983E-03
   1.286130E-03  1.286130E-03  1.286494E-03  1.316475E-03  1.321694E-03
   1.321694E-03  1.346174E-03  1.361836E-03  1.398514E-03  1.398514E-03
   1.399551E-03  1.440512E-03  1.440512E-03  1.441856E-03  1.463262E-03
   1.463262E-03  1.528288E-03  1.528288E-03  1.565408E-03  1.565408E-03
   1.586064E-03  1.586064E-03  1.621300E-03  1.698785E-03  1.698785E-03
   1.717844E-03  1.717844E-03  1.736637E-03  1.740073E-03  1.771094E-03
   1.835088E-03  1.847373E-03  1.890697E-03  1.892784E-03  1.892784E-03
   2.073784E-03  2.101469E-03  2.101469E-03  2.828927E-03  2.828927E-03
   2.883366E-03  2.931548E-03  2.967528E-03  2.967528E-03  2.969470E-03
   2.969470E-03  3.056619E-03  3.056619E-03  3.061121E-03  3.070925E-03
   3.070925E-03  3.090892E-03  3.105517E-03  3.105517E-03  3.167262E-03
   3.169540E-03  3.169540E-03  3.187045E-03  3.192475E-03  3.216928E-03
   3.216928E-03  3.221935E-03  3.285079E-03  3.285079E-03  3.303206E-03
   3.303206E-03  3.318089E-03  3.353820E-03  3.353820E-03  3.354677E-03
   3.446761E-03
 